447397423
447397465
447771966
448608215
449826093
451797265
452748311
457342528
461546258
461762549
461762728
461774393
462315379
462610479
463529245
464105138
464122276
464140521
464870589
464876372
464957421
464961724
464965079
465244395
465283982
465484655
465596003
465669810
466306299
466415736
466634402
466733167
466733808
466762793
466763512
466765567
466766501
467098648
467977779
467985806
468698926
469248017
469264741
469319955
469521359
469762932
469894952
469925023
469994488
470104598
